0 Cont 256 769 7.8125e-3 3 "short-toy"
1 Disc 256 769 7.8125e-3 3 "short-toy"
2 Cont 256 512 7.8125e-3 3 "short-toy"
3 Disc 256 512 7.8125e-3 3 "short-toy"
4 Cont 256 3329 3.125e-2 3 "short-toy"
5 Disc 256 3329 3.125e-2 3 "short-toy"
6 Cont 256 1024 3.125e-2 3 "short-toy"
7 Disc 256 1024 3.125e-2 3 "short-toy"
8 Cont 256 7681 0.28125 3 "tall-toy"
9 Disc 256 7681 0.28125 3 "tall-toy"
10 Cont 256 8192 0.28125 3 "tall-toy"
11 Disc 256 8192 0.28125 3 "tall-toy"
12 Cont 256 17921 0.6328125 3 "tall-toy"
13 Disc 256 17921 0.6328125 3 "tall-toy"
14 Cont 256 32768 0.6328125 3 "tall-toy"
15 Disc 256 32768 0.6328125 3 "tall-toy"
16 Cont 256 25601 0.9367973043891067 3 "grande-toy"
17 Disc 256 25601 0.9367973043891067 3 "grande-toy"
18 Cont 256 32768 0.9367973043891067 3 "grande-toy"
19 Disc 256 32768 0.9367973043891067 3 "grande-toy"
20 Cont 256 769 7.8125e-3 100 "short-toy"
21 Disc 256 769 7.8125e-3 100 "short-toy"
22 Cont 256 512 7.8125e-3 100 "short-toy"
23 Disc 256 512 7.8125e-3 100 "short-toy"
24 Cont 256 3329 3.125e-2 100 "short-toy"
25 Disc 256 3329 3.125e-2 100 "short-toy"
26 Cont 256 1024 3.125e-2 100 "short-toy"
27 Disc 256 1024 3.125e-2 100 "short-toy"
28 Cont 256 7681 0.28125 100 "tall-toy"
29 Disc 256 7681 0.28125 100 "tall-toy"
30 Cont 256 8192 0.28125 100 "tall-toy"
31 Disc 256 8192 0.28125 100 "tall-toy"
32 Cont 256 17921 0.6328125 100 "tall-toy"
33 Disc 256 17921 0.6328125 100 "tall-toy"
34 Cont 256 32768 0.6328125 100 "tall-toy"
35 Disc 256 32768 0.6328125 100 "tall-toy"
36 Cont 256 25601 0.9367973043891067 100 "grande-toy"
37 Disc 256 25601 0.9367973043891067 100 "grande-toy"
38 Cont 256 32768 0.9367973043891067 100 "grande-toy"
39 Disc 256 32768 0.9367973043891067 100 "grande-toy"
40 Cont 512 7681 3.90625e-3 3 "short-easy"
41 Disc 512 7681 3.90625e-3 3 "short-easy"
42 Cont 512 512 3.90625e-3 3 "short-moderate"
43 Disc 512 512 3.90625e-3 3 "short-moderate"
44 Cont 512 7681 1.5625e-2 3 "short-moderate"
45 Disc 512 7681 1.5625e-2 3 "short-moderate"
46 Cont 512 2048 1.5625e-2 3 "short-hard"
47 Disc 512 2048 1.5625e-2 3 "short-hard"
48 Cont 512 10753 0.140625 3 "tall-hard"
49 Disc 512 10753 0.140625 3 "tall-hard"
50 Cont 512 16384 0.140625 3 "tall-hard"
51 Disc 512 16384 0.140625 3 "tall-hard"
52 Cont 512 25601 0.31640625 3 "tall-hard"
53 Disc 512 25601 0.31640625 3 "tall-hard"
54 Cont 512 32768 0.31640625 3 "tall-hard"
55 Disc 512 32768 0.31640625 3 "tall-hard"
56 Cont 512 70657 0.9367973043891067 3 "grande-hard"
57 Disc 512 70657 0.9367973043891067 3 "grande-hard"
58 Cont 512 131072 0.9367973043891067 3 "grande-moderate"
59 Disc 512 131072 0.9367973043891067 3 "grande-moderate"
60 Cont 512 7681 3.90625e-3 100 "short-easy"
61 Disc 512 7681 3.90625e-3 100 "short-easy"
62 Cont 512 512 3.90625e-3 100 "short-moderate"
63 Disc 512 512 3.90625e-3 100 "short-moderate"
64 Cont 512 7681 1.5625e-2 100 "short-moderate"
65 Disc 512 7681 1.5625e-2 100 "short-moderate"
66 Cont 512 2048 1.5625e-2 100 "short-hard"
67 Disc 512 2048 1.5625e-2 100 "short-hard"
68 Cont 512 10753 0.140625 100 "tall-hard"
69 Disc 512 10753 0.140625 100 "tall-hard"
70 Cont 512 16384 0.140625 100 "tall-hard"
71 Disc 512 16384 0.140625 100 "tall-hard"
72 Cont 512 25601 0.31640625 100 "tall-hard"
73 Disc 512 25601 0.31640625 100 "tall-hard"
74 Cont 512 32768 0.31640625 100 "tall-hard"
75 Disc 512 32768 0.31640625 100 "tall-hard"
76 Cont 512 70657 0.9367973043891067 100 "grande-hard"
77 Disc 512 70657 0.9367973043891067 100 "grande-hard"
78 Cont 512 131072 0.9367973043891067 100 "grande-moderate"
79 Disc 512 131072 0.9367973043891067 100 "grande-moderate"
80 Cont 1024 37889 0.158203125 100 "tall-veryhard"
81 Disc 1024 37889 0.158203125 100 "tall-veryhard"
82 Cont 1024 202753 0.9367973043891067 100 "grande-veryhard"
83 Disc 1024 202753 0.9367973043891067 100 "grande-veryhard"
84 Cont 2048 59393 7.91015625e-2 100 "tall-veryhard"
85 Disc 2048 59393 7.91015625e-2 100 "tall-veryhard"
86 Cont 2048 638977 0.9367973043891067 100 "grande-veryhard"
87 Disc 2048 638977 0.9367973043891067 100 "grande-veryhard"
88 Cont 4096 86017 3.955078125e-2 100 "tall-veryhard"
89 Disc 4096 86017 3.955078125e-2 100 "tall-veryhard"
90 Cont 4096 1720321 0.9367973043891067 100 "grande-veryhard"
91 Disc 4096 1720321 0.9367973043891067 100 "grande-veryhard"
92 Cont 8192 114689 1.9775390625e-2 100 "tall-veryhard"
93 Disc 8192 114689 1.9775390625e-2 100 "tall-veryhard"
94 Cont 8192 5234689 0.9367973043891067 100 "grande-veryhard"
95 Disc 8192 5234689 0.9367973043891067 100 "grande-veryhard"
96 Cont 243 487 6.172839506172839e-3 3 "short-toy"
97 Disc 243 487 6.172839506172839e-3 3 "short-toy"
98 Cont 243 512 6.172839506172839e-3 3 "short-toy"
99 Disc 243 512 6.172839506172839e-3 3 "short-toy"
100 Cont 243 729 6.172839506172839e-3 3 "short-toy"
101 Disc 243 729 6.172839506172839e-3 3 "short-toy"
102 Cont 243 1459 2.4691358024691357e-2 3 "short-toy"
103 Disc 243 1459 2.4691358024691357e-2 3 "short-toy"
104 Cont 243 1024 2.4691358024691357e-2 3 "short-easy"
105 Disc 243 1024 2.4691358024691357e-2 3 "short-easy"
106 Cont 243 2187 2.4691358024691357e-2 3 "short-toy"
107 Disc 243 2187 2.4691358024691357e-2 3 "short-toy"
108 Cont 243 8263 0.2222222222222222 3 "tall-easy"
109 Disc 243 8263 0.2222222222222222 3 "tall-easy"
110 Cont 243 8192 0.2222222222222222 3 "tall-easy"
111 Disc 243 8192 0.2222222222222222 3 "tall-easy"
112 Cont 243 19683 0.2222222222222222 3 "tall-toy"
113 Disc 243 19683 0.2222222222222222 3 "tall-toy"
114 Cont 243 17011 0.5 3 "tall-easy"
115 Disc 243 17011 0.5 3 "tall-easy"
116 Cont 243 32768 0.5 3 "tall-toy"
117 Disc 243 32768 0.5 3 "tall-toy"
118 Cont 243 19683 0.5 3 "tall-toy"
119 Disc 243 19683 0.5 3 "tall-toy"
120 Cont 243 32563 0.9367973043891067 3 "grande-toy"
121 Disc 243 32563 0.9367973043891067 3 "grande-toy"
122 Cont 243 32768 0.9367973043891067 3 "grande-toy"
123 Disc 243 32768 0.9367973043891067 3 "grande-toy"
124 Cont 243 59049 0.9367973043891067 3 "grande-toy"
125 Disc 243 59049 0.9367973043891067 3 "grande-toy"
126 Cont 243 487 6.172839506172839e-3 100 "short-toy"
127 Disc 243 487 6.172839506172839e-3 100 "short-toy"
128 Cont 243 512 6.172839506172839e-3 100 "short-toy"
129 Disc 243 512 6.172839506172839e-3 100 "short-toy"
130 Cont 243 729 6.172839506172839e-3 100 "short-toy"
131 Disc 243 729 6.172839506172839e-3 100 "short-toy"
132 Cont 243 1459 2.4691358024691357e-2 100 "short-toy"
133 Disc 243 1459 2.4691358024691357e-2 100 "short-toy"
134 Cont 243 1024 2.4691358024691357e-2 100 "short-easy"
135 Disc 243 1024 2.4691358024691357e-2 100 "short-easy"
136 Cont 243 2187 2.4691358024691357e-2 100 "short-toy"
137 Disc 243 2187 2.4691358024691357e-2 100 "short-toy"
138 Cont 243 8263 0.2222222222222222 100 "tall-easy"
139 Disc 243 8263 0.2222222222222222 100 "tall-easy"
140 Cont 243 8192 0.2222222222222222 100 "tall-easy"
141 Disc 243 8192 0.2222222222222222 100 "tall-easy"
142 Cont 243 19683 0.2222222222222222 100 "tall-toy"
143 Disc 243 19683 0.2222222222222222 100 "tall-toy"
144 Cont 243 17011 0.5 100 "tall-easy"
145 Disc 243 17011 0.5 100 "tall-easy"
146 Cont 243 32768 0.5 100 "tall-toy"
147 Disc 243 32768 0.5 100 "tall-toy"
148 Cont 243 19683 0.5 100 "tall-toy"
149 Disc 243 19683 0.5 100 "tall-toy"
150 Cont 243 32563 0.9367973043891067 100 "grande-toy"
151 Disc 243 32563 0.9367973043891067 100 "grande-toy"
152 Cont 243 32768 0.9367973043891067 100 "grande-toy"
153 Disc 243 32768 0.9367973043891067 100 "grande-toy"
154 Cont 243 59049 0.9367973043891067 100 "grande-toy"
155 Disc 243 59049 0.9367973043891067 100 "grande-toy"
156 Cont 625 28751 0.162 100 "tall-veryhard"
157 Disc 625 28751 0.162 100 "tall-veryhard"
158 Cont 625 191251 0.9367973043891067 100 "grande-veryhard"
159 Disc 625 191251 0.9367973043891067 100 "grande-veryhard"
160 Cont 3360 30241 0.10546875 100 "tall-veryhard"
161 Disc 3360 30241 0.10546875 100 "tall-veryhard"
162 Cont 3360 305761 0.9367973043891067 100 "grande-veryhard"
163 Disc 3360 305761 0.9367973043891067 100 "grande-veryhard"
164 Cont 500 3001 5.0e-3 3 "short-toy"
165 Disc 500 3001 5.0e-3 3 "short-toy"
166 Cont 500 512 5.0e-3 3 "short-easy"
167 Disc 500 512 5.0e-3 3 "short-easy"
168 Cont 500 500 5.0e-3 3 "short-easy"
169 Disc 500 500 5.0e-3 3 "short-easy"
170 Cont 500 3001 2.0e-2 3 "short-easy"
171 Disc 500 3001 2.0e-2 3 "short-easy"
172 Cont 500 2048 2.0e-2 3 "short-easy"
173 Disc 500 2048 2.0e-2 3 "short-easy"
174 Cont 500 1600 2.0e-2 3 "short-moderate"
175 Disc 500 1600 2.0e-2 3 "short-moderate"
176 Cont 500 9001 0.18 3 "tall-moderate"
177 Disc 500 9001 0.18 3 "tall-moderate"
178 Cont 500 16384 0.18 3 "tall-easy"
179 Disc 500 16384 0.18 3 "tall-easy"
180 Cont 500 10000 0.18 3 "tall-moderate"
181 Disc 500 10000 0.18 3 "tall-moderate"
182 Cont 500 19501 0.405 3 "tall-moderate"
183 Disc 500 19501 0.405 3 "tall-moderate"
184 Cont 500 32768 0.405 3 "tall-easy"
185 Disc 500 32768 0.405 3 "tall-easy"
186 Cont 500 20000 0.405 3 "tall-moderate"
187 Disc 500 20000 0.405 3 "tall-moderate"
188 Cont 500 44501 0.9367973043891067 3 "grande-moderate"
189 Disc 500 44501 0.9367973043891067 3 "grande-moderate"
190 Cont 500 65536 0.9367973043891067 3 "grande-easy"
191 Disc 500 65536 0.9367973043891067 3 "grande-easy"
192 Cont 500 50000 0.9367973043891067 3 "grande-moderate"
193 Disc 500 50000 0.9367973043891067 3 "grande-moderate"
194 Cont 500 3001 5.0e-3 100 "short-toy"
195 Disc 500 3001 5.0e-3 100 "short-toy"
196 Cont 500 512 5.0e-3 100 "short-easy"
197 Disc 500 512 5.0e-3 100 "short-easy"
198 Cont 500 500 5.0e-3 100 "short-easy"
199 Disc 500 500 5.0e-3 100 "short-easy"
200 Cont 500 3001 2.0e-2 100 "short-easy"
201 Disc 500 3001 2.0e-2 100 "short-easy"
202 Cont 500 2048 2.0e-2 100 "short-easy"
203 Disc 500 2048 2.0e-2 100 "short-easy"
204 Cont 500 1600 2.0e-2 100 "short-moderate"
205 Disc 500 1600 2.0e-2 100 "short-moderate"
206 Cont 500 9001 0.18 100 "tall-moderate"
207 Disc 500 9001 0.18 100 "tall-moderate"
208 Cont 500 16384 0.18 100 "tall-easy"
209 Disc 500 16384 0.18 100 "tall-easy"
210 Cont 500 10000 0.18 100 "tall-moderate"
211 Disc 500 10000 0.18 100 "tall-moderate"
212 Cont 500 19501 0.405 100 "tall-moderate"
213 Disc 500 19501 0.405 100 "tall-moderate"
214 Cont 500 32768 0.405 100 "tall-easy"
215 Disc 500 32768 0.405 100 "tall-easy"
216 Cont 500 20000 0.405 100 "tall-moderate"
217 Disc 500 20000 0.405 100 "tall-moderate"
218 Cont 500 44501 0.9367973043891067 100 "grande-moderate"
219 Disc 500 44501 0.9367973043891067 100 "grande-moderate"
220 Cont 500 65536 0.9367973043891067 100 "grande-easy"
221 Disc 500 65536 0.9367973043891067 100 "grande-easy"
222 Cont 500 50000 0.9367973043891067 100 "grande-moderate"
223 Disc 500 50000 0.9367973043891067 100 "grande-moderate"
224 Cont 1155 2311 2.0833333333333333e-3 3 "short-hard"
225 Disc 1155 2311 2.0833333333333333e-3 3 "short-hard"
226 Cont 1155 4096 2.0833333333333333e-3 3 "short-hard"
227 Disc 1155 4096 2.0833333333333333e-3 3 "short-hard"
228 Cont 1155 2401 2.0833333333333333e-3 3 "short-hard"
229 Disc 1155 2401 2.0833333333333333e-3 3 "short-hard"
230 Cont 1155 4621 8.333333333333333e-3 3 "short-veryhard"
231 Disc 1155 4621 8.333333333333333e-3 3 "short-veryhard"
232 Cont 1155 4096 8.333333333333333e-3 3 "short-veryhard"
233 Disc 1155 4096 8.333333333333333e-3 3 "short-veryhard"
234 Cont 1155 3465 8.333333333333333e-3 3 "short-veryhard"
235 Disc 1155 3465 8.333333333333333e-3 3 "short-veryhard"
236 Cont 1155 18481 7.5e-2 3 "tall-veryhard"
237 Disc 1155 18481 7.5e-2 3 "tall-veryhard"
238 Cont 1155 16384 7.5e-2 3 "tall-veryhard"
239 Disc 1155 16384 7.5e-2 3 "tall-veryhard"
240 Cont 1155 12705 7.5e-2 3 "tall-veryhard"
241 Disc 1155 12705 7.5e-2 3 "tall-veryhard"
242 Cont 1155 32341 0.16875 3 "tall-veryhard"
243 Disc 1155 32341 0.16875 3 "tall-veryhard"
244 Cont 1155 32768 0.16875 3 "tall-veryhard"
245 Disc 1155 32768 0.16875 3 "tall-veryhard"
246 Cont 1155 27783 0.16875 3 "tall-veryhard"
247 Disc 1155 27783 0.16875 3 "tall-veryhard"
248 Cont 1155 164011 0.9367973043891067 3 "grande-veryhard"
249 Disc 1155 164011 0.9367973043891067 3 "grande-veryhard"
250 Cont 1155 262144 0.9367973043891067 3 "grande-veryhard"
251 Disc 1155 262144 0.9367973043891067 3 "grande-veryhard"
252 Cont 1155 164025 0.9367973043891067 3 "grande-veryhard"
253 Disc 1155 164025 0.9367973043891067 3 "grande-veryhard"
254 Cont 1155 2311 2.0833333333333333e-3 100 "short-hard"
255 Disc 1155 2311 2.0833333333333333e-3 100 "short-hard"
256 Cont 1155 4096 2.0833333333333333e-3 100 "short-hard"
257 Disc 1155 4096 2.0833333333333333e-3 100 "short-hard"
258 Cont 1155 2401 2.0833333333333333e-3 100 "short-hard"
259 Disc 1155 2401 2.0833333333333333e-3 100 "short-hard"
260 Cont 1155 4621 8.333333333333333e-3 100 "short-veryhard"
261 Disc 1155 4621 8.333333333333333e-3 100 "short-veryhard"
262 Cont 1155 4096 8.333333333333333e-3 100 "short-veryhard"
263 Disc 1155 4096 8.333333333333333e-3 100 "short-veryhard"
264 Cont 1155 3465 8.333333333333333e-3 100 "short-veryhard"
265 Disc 1155 3465 8.333333333333333e-3 100 "short-veryhard"
266 Cont 1155 18481 7.5e-2 100 "tall-veryhard"
267 Disc 1155 18481 7.5e-2 100 "tall-veryhard"
268 Cont 1155 16384 7.5e-2 100 "tall-veryhard"
269 Disc 1155 16384 7.5e-2 100 "tall-veryhard"
270 Cont 1155 12705 7.5e-2 100 "tall-veryhard"
271 Disc 1155 12705 7.5e-2 100 "tall-veryhard"
272 Cont 1155 32341 0.16875 100 "tall-veryhard"
273 Disc 1155 32341 0.16875 100 "tall-veryhard"
274 Cont 1155 32768 0.16875 100 "tall-veryhard"
275 Disc 1155 32768 0.16875 100 "tall-veryhard"
276 Cont 1155 27783 0.16875 100 "tall-veryhard"
277 Disc 1155 27783 0.16875 100 "tall-veryhard"
278 Cont 1155 164011 0.9367973043891067 100 "grande-veryhard"
279 Disc 1155 164011 0.9367973043891067 100 "grande-veryhard"
280 Cont 1155 262144 0.9367973043891067 100 "grande-veryhard"
281 Disc 1155 262144 0.9367973043891067 100 "grande-veryhard"
282 Cont 1155 164025 0.9367973043891067 100 "grande-veryhard"
283 Disc 1155 164025 0.9367973043891067 100 "grande-veryhard"
284 Cont 179 3581 5.6179775280898875e-3 3 "short-toy"
285 Disc 179 3581 5.6179775280898875e-3 3 "short-toy"
286 Cont 179 2048 5.6179775280898875e-3 3 "short-toy"
287 Disc 179 2048 5.6179775280898875e-3 3 "short-toy"
288 Cont 179 32041 5.6179775280898875e-3 3 "short-toy"
289 Disc 179 32041 5.6179775280898875e-3 3 "short-toy"
290 Cont 179 3581 2.247191011235955e-2 3 "short-toy"
291 Disc 179 3581 2.247191011235955e-2 3 "short-toy"
292 Cont 179 4096 2.247191011235955e-2 3 "short-toy"
293 Disc 179 4096 2.247191011235955e-2 3 "short-toy"
294 Cont 179 32041 2.247191011235955e-2 3 "short-toy"
295 Disc 179 32041 2.247191011235955e-2 3 "short-toy"
296 Cont 179 8951 0.20224719101123595 3 "tall-easy"
297 Disc 179 8951 0.20224719101123595 3 "tall-easy"
298 Cont 179 16384 0.20224719101123595 3 "tall-easy"
299 Disc 179 16384 0.20224719101123595 3 "tall-easy"
300 Cont 179 32041 0.20224719101123595 3 "tall-toy"
301 Disc 179 32041 0.20224719101123595 3 "tall-toy"
302 Cont 179 20407 0.4550561797752809 3 "tall-easy"
303 Disc 179 20407 0.4550561797752809 3 "tall-easy"
304 Cont 179 32768 0.4550561797752809 3 "tall-easy"
305 Disc 179 32768 0.4550561797752809 3 "tall-easy"
306 Cont 179 32041 0.4550561797752809 3 "tall-easy"
307 Disc 179 32041 0.4550561797752809 3 "tall-easy"
308 Cont 179 40813 0.9367973043891067 3 "grande-easy"
309 Disc 179 40813 0.9367973043891067 3 "grande-easy"
310 Cont 179 65536 0.9367973043891067 3 "grande-easy"
311 Disc 179 65536 0.9367973043891067 3 "grande-easy"
312 Cont 179 5735339 0.9367973043891067 3 "grande-toy"
313 Disc 179 5735339 0.9367973043891067 3 "grande-toy"
314 Cont 179 3581 5.6179775280898875e-3 100 "short-toy"
315 Disc 179 3581 5.6179775280898875e-3 100 "short-toy"
316 Cont 179 2048 5.6179775280898875e-3 100 "short-toy"
317 Disc 179 2048 5.6179775280898875e-3 100 "short-toy"
318 Cont 179 32041 5.6179775280898875e-3 100 "short-toy"
319 Disc 179 32041 5.6179775280898875e-3 100 "short-toy"
320 Cont 179 3581 2.247191011235955e-2 100 "short-toy"
321 Disc 179 3581 2.247191011235955e-2 100 "short-toy"
322 Cont 179 4096 2.247191011235955e-2 100 "short-toy"
323 Disc 179 4096 2.247191011235955e-2 100 "short-toy"
324 Cont 179 32041 2.247191011235955e-2 100 "short-toy"
325 Disc 179 32041 2.247191011235955e-2 100 "short-toy"
326 Cont 179 8951 0.20224719101123595 100 "tall-easy"
327 Disc 179 8951 0.20224719101123595 100 "tall-easy"
328 Cont 179 16384 0.20224719101123595 100 "tall-easy"
329 Disc 179 16384 0.20224719101123595 100 "tall-easy"
330 Cont 179 32041 0.20224719101123595 100 "tall-toy"
331 Disc 179 32041 0.20224719101123595 100 "tall-toy"
332 Cont 179 20407 0.4550561797752809 100 "tall-easy"
333 Disc 179 20407 0.4550561797752809 100 "tall-easy"
334 Cont 179 32768 0.4550561797752809 100 "tall-easy"
335 Disc 179 32768 0.4550561797752809 100 "tall-easy"
336 Cont 179 32041 0.4550561797752809 100 "tall-easy"
337 Disc 179 32041 0.4550561797752809 100 "tall-easy"
338 Cont 179 40813 0.9367973043891067 100 "grande-easy"
339 Disc 179 40813 0.9367973043891067 100 "grande-easy"
340 Cont 179 65536 0.9367973043891067 100 "grande-easy"
341 Disc 179 65536 0.9367973043891067 100 "grande-easy"
342 Cont 179 5735339 0.9367973043891067 100 "grande-toy"
343 Disc 179 5735339 0.9367973043891067 100 "grande-toy"
344 Cont 257 9767 3.90625e-3 3 "short-easy"
345 Disc 257 9767 3.90625e-3 3 "short-easy"
346 Cont 257 4096 3.90625e-3 3 "short-easy"
347 Disc 257 4096 3.90625e-3 3 "short-easy"
348 Cont 257 66049 3.90625e-3 3 "short-toy"
349 Disc 257 66049 3.90625e-3 3 "short-toy"
350 Cont 257 9767 1.5625e-2 3 "short-moderate"
351 Disc 257 9767 1.5625e-2 3 "short-moderate"
352 Cont 257 4096 1.5625e-2 3 "short-moderate"
353 Disc 257 4096 1.5625e-2 3 "short-moderate"
354 Cont 257 66049 1.5625e-2 3 "short-easy"
355 Disc 257 66049 1.5625e-2 3 "short-easy"
356 Cont 257 13879 0.140625 3 "tall-hard"
357 Disc 257 13879 0.140625 3 "tall-hard"
358 Cont 257 16384 0.140625 3 "tall-hard"
359 Disc 257 16384 0.140625 3 "tall-hard"
360 Cont 257 66049 0.140625 3 "tall-moderate"
361 Disc 257 66049 0.140625 3 "tall-moderate"
362 Cont 257 23131 0.31640625 3 "tall-hard"
363 Disc 257 23131 0.31640625 3 "tall-hard"
364 Cont 257 32768 0.31640625 3 "tall-hard"
365 Disc 257 32768 0.31640625 3 "tall-hard"
366 Cont 257 66049 0.31640625 3 "tall-moderate"
367 Disc 257 66049 0.31640625 3 "tall-moderate"
368 Cont 257 74017 0.9367973043891067 3 "grande-hard"
369 Disc 257 74017 0.9367973043891067 3 "grande-hard"
370 Cont 257 131072 0.9367973043891067 3 "grande-moderate"
371 Disc 257 131072 0.9367973043891067 3 "grande-moderate"
372 Cont 257 9767 3.90625e-3 100 "short-easy"
373 Disc 257 9767 3.90625e-3 100 "short-easy"
374 Cont 257 4096 3.90625e-3 100 "short-easy"
375 Disc 257 4096 3.90625e-3 100 "short-easy"
376 Cont 257 66049 3.90625e-3 100 "short-toy"
377 Disc 257 66049 3.90625e-3 100 "short-toy"
378 Cont 257 9767 1.5625e-2 100 "short-moderate"
379 Disc 257 9767 1.5625e-2 100 "short-moderate"
380 Cont 257 4096 1.5625e-2 100 "short-moderate"
381 Disc 257 4096 1.5625e-2 100 "short-moderate"
382 Cont 257 66049 1.5625e-2 100 "short-easy"
383 Disc 257 66049 1.5625e-2 100 "short-easy"
384 Cont 257 13879 0.140625 100 "tall-hard"
385 Disc 257 13879 0.140625 100 "tall-hard"
386 Cont 257 16384 0.140625 100 "tall-hard"
387 Disc 257 16384 0.140625 100 "tall-hard"
388 Cont 257 66049 0.140625 100 "tall-moderate"
389 Disc 257 66049 0.140625 100 "tall-moderate"
390 Cont 257 23131 0.31640625 100 "tall-hard"
391 Disc 257 23131 0.31640625 100 "tall-hard"
392 Cont 257 32768 0.31640625 100 "tall-hard"
393 Disc 257 32768 0.31640625 100 "tall-hard"
394 Cont 257 66049 0.31640625 100 "tall-moderate"
395 Disc 257 66049 0.31640625 100 "tall-moderate"
396 Cont 257 74017 0.9367973043891067 100 "grande-hard"
397 Disc 257 74017 0.9367973043891067 100 "grande-hard"
398 Cont 257 131072 0.9367973043891067 100 "grande-moderate"
399 Disc 257 131072 0.9367973043891067 100 "grande-moderate"
400 Cont 797 44633 0.10175879396984924 100 "tall-veryhard"
401 Disc 797 44633 0.10175879396984924 100 "tall-veryhard"
402 Cont 797 401689 0.9367973043891067 100 "grande-veryhard"
403 Disc 797 401689 0.9367973043891067 100 "grande-veryhard"
404 Cont 256 3754241 155.9703120024016 3 "trenta-toy"
405 Disc 256 3754241 155.9703120024016 3 "trenta-toy"
406 Cont 256 4194304 155.9703120024016 3 "trenta-toy"
407 Disc 256 4194304 155.9703120024016 3 "trenta-toy"
408 Cont 256 18684161 714.3021350250468 100 "trenta-toy"
409 Disc 256 18684161 714.3021350250468 100 "trenta-toy"
410 Cont 512 16470529 211.12432079860682 3 "trenta-moderate"
411 Disc 512 16470529 211.12432079860682 3 "trenta-moderate"
412 Cont 512 74613761 986.1548603322882 100 "trenta-moderate"
413 Disc 512 74613761 986.1548603322882 100 "trenta-moderate"
414 Cont 1024 289001473 1364.4839774091504 100 "trenta-veryhard"
415 Disc 1024 289001473 1364.4839774091504 100 "trenta-veryhard"
416 Cont 2048 1159182337 1891.5910528310787 100 "trenta-veryhard"
417 Disc 2048 1159182337 1891.5910528310787 100 "trenta-veryhard"
418 Cont 243 6112423 172.7579728821959 3 "trenta-toy"
419 Disc 243 6112423 172.7579728821959 3 "trenta-toy"
420 Cont 243 8388608 172.7579728821959 3 "trenta-toy"
421 Disc 243 8388608 172.7579728821959 3 "trenta-toy"
422 Cont 243 6112422 172.7579728821959 3 "trenta-toy"
423 Disc 243 6112422 172.7579728821959 3 "trenta-toy"
424 Cont 243 25218541 796.8303683741511 100 "trenta-toy"
425 Disc 243 25218541 796.8303683741511 100 "trenta-toy"
426 Cont 625 241965001 1349.362946044802 100 "trenta-veryhard"
427 Disc 625 241965001 1349.362946044802 100 "trenta-veryhard"
428 Cont 3360 476757121 1651.4146103991554 100 "trenta-veryhard"
429 Disc 3360 476757121 1651.4146103991554 100 "trenta-veryhard"
430 Cont 500 8794501 189.41486838575327 3 "trenta-easy"
431 Disc 500 8794501 189.41486838575327 3 "trenta-easy"
432 Cont 500 8791500 189.41486838575327 3 "trenta-easy"
433 Disc 500 8791500 189.41486838575327 3 "trenta-easy"
434 Cont 500 37996001 878.9114993352366 100 "trenta-easy"
435 Disc 500 37996001 878.9114993352366 100 "trenta-easy"
436 Cont 1155 41817931 279.1328702232645 3 "trenta-veryhard"
437 Disc 1155 41817931 279.1328702232645 3 "trenta-veryhard"
438 Cont 1155 212466871 1323.7343224434883 100 "trenta-veryhard"
439 Disc 1155 212466871 1323.7343224434883 100 "trenta-veryhard"
440 Cont 179 8382929 180.0018131429467 3 "trenta-toy"
441 Disc 179 8382929 180.0018131429467 3 "trenta-toy"
442 Cont 179 8388608 180.0018131429467 3 "trenta-toy"
443 Disc 179 8388608 180.0018131429467 3 "trenta-toy"
444 Cont 179 8382033 180.0018131429467 3 "trenta-toy"
445 Disc 179 8382033 180.0018131429467 3 "trenta-toy"
446 Cont 179 37250617 832.5033566981947 100 "trenta-toy"
447 Disc 179 37250617 832.5033566981947 100 "trenta-toy"
448 Cont 257 15802417 211.12432079860682 3 "trenta-moderate"
449 Disc 257 15802417 211.12432079860682 3 "trenta-moderate"
450 Cont 257 15792907 211.12432079860682 3 "trenta-moderate"
451 Disc 257 15792907 211.12432079860682 3 "trenta-moderate"
452 Cont 257 72720721 986.1548603322882 100 "trenta-moderate"
453 Disc 257 72720721 986.1548603322882 100 "trenta-moderate"
454 Cont 797 741587779 1679.5367149037031 100 "trenta-veryhard"
455 Disc 797 741587779 1679.5367149037031 100 "trenta-veryhard"
456 RLWR 32 97 2 500 "easy"
457 RLWR 32 32 2 500 "toy"
458 RLWR 32 105 7 500 "toy"
459 RLWR 64 193 2 500 "veryhard"
460 RLWR 64 16 2 500 "moderate"
461 RLWR 64 105 7 500 "toy"
462 RLWR 128 257 2 500 "veryhard"
463 RLWR 128 16 2 500 "veryhard"
464 RLWR 128 105 7 500 "hard"
465 RLWR 256 257 2 500 "veryhard"
466 RLWR 256 16 2 500 "veryhard"
467 RLWR 256 105 7 500 "veryhard"
468 RLWR 27 109 2 500 "moderate"
469 RLWR 27 32 2 500 "toy"
470 RLWR 27 105 7 500 "toy"
471 RLWR 27 81 3 500 "toy"
472 RLWR 81 163 2 500 "veryhard"
473 RLWR 81 16 2 500 "veryhard"
474 RLWR 81 105 7 500 "moderate"
475 RLWR 81 27 3 500 "hard"
476 RLWR 243 487 2 500 "veryhard"
477 RLWR 243 16 2 500 "veryhard"
478 RLWR 243 105 7 500 "veryhard"
479 RLWR 243 27 3 500 "veryhard"
480 RLWR 25 101 2 500 "moderate"
481 RLWR 25 32 2 500 "easy"
482 RLWR 25 105 7 500 "toy"
483 RLWR 25 125 5 500 "toy"
484 RLWR 125 251 2 500 "veryhard"
485 RLWR 125 16 2 500 "veryhard"
486 RLWR 125 105 7 500 "veryhard"
487 RLWR 125 25 5 500 "hard"
488 RLWR 49 197 2 500 "veryhard"
489 RLWR 49 16 2 500 "hard"
490 RLWR 49 105 7 500 "toy"
491 RLWR 49 49 7 500 "toy"
492 RLWR 84 337 2 500 "hard"
493 RLWR 84 32 2 500 "moderate"
494 RLWR 84 105 7 500 "toy"
495 RLWR 84 42 2 500 "moderate"
496 RLWR 105 211 2 500 "veryhard"
497 RLWR 105 16 2 500 "hard"
498 RLWR 105 105 7 500 "easy"
499 RLWR 105 105 3 500 "hard"
500 RLWR 60 61 2 500 "toy"
501 RLWR 60 32 2 500 "toy"
502 RLWR 60 105 7 500 "toy"
503 RLWR 60 900 2 500 "hard"
504 RLWR 100 101 2 500 "veryhard"
505 RLWR 100 16 2 500 "hard"
506 RLWR 100 105 7 500 "toy"
507 RLWR 100 100 2 500 "veryhard"
508 RLWR 29 59 2 500 "hard"
509 RLWR 29 32 2 500 "moderate"
510 RLWR 29 105 7 500 "toy"
511 RLWR 29 841 29 500 "toy"
512 RLWR 23 47 2 500 "moderate"
513 RLWR 23 32 2 500 "easy"
514 RLWR 23 105 7 500 "toy"
515 RLWR 23 529 23 500 "toy"
